     0/299     7.43G      5.99      3.59         0      9.58         2       512         0         0    0.0814         0      5.17       1.8         0
     1/299     12.4G      4.17      2.08         0      6.25         1       512     0.236     0.456     0.277     0.311      5.95      1.34         0
     2/299     12.4G      4.16      1.49         0      5.65         1       512     0.125     0.667     0.531     0.211      5.81     0.973         0
     3/299     12.4G      3.82      1.28         0       5.1         4       512     0.432     0.807     0.685     0.562      4.52     0.816         0
     4/299     12.4G      3.24       1.1         0      4.35         1       512   0.00762     0.105    0.0035    0.0142      8.85      26.7         0
     5/299     12.4G       3.1      1.06         0      4.15         2       512     0.456     0.614     0.555     0.524      4.35     0.864         0
     6/299     12.4G      3.31      1.07         0      4.37         1       512     0.851     0.807      0.77     0.828      4.09     0.696         0
     7/299     12.4G       2.9      1.05         0      3.95         1       512     0.911     0.721     0.828     0.805      3.72     0.771         0
     8/299     12.4G      2.95     0.974         0      3.93         1       512     0.531     0.807     0.782      0.64      3.89     0.959         0
     9/299     12.4G      2.85     0.952         0       3.8         1       512      0.56     0.772     0.637     0.649      3.52       0.8         0
    10/299     12.4G      2.98     0.962         0      3.94         2       512     0.628     0.772     0.812     0.693      3.28     0.698         0
    11/299     12.4G      2.71     0.921         0      3.63         2       512     0.836      0.86     0.894     0.848      2.87       0.6         0
    12/299     12.4G      2.86     0.925         0      3.78         3       512     0.839     0.912     0.925     0.874      3.25     0.574         0
    13/299     12.4G      2.58      0.85         0      3.43         1       512     0.972     0.807     0.872     0.882      3.13     0.648         0
    14/299     12.4G      2.56       0.9         0      3.46         2       512     0.962     0.772     0.852     0.856       3.1     0.634         0
    15/299     12.4G      2.57     0.848         0      3.41         1       512      0.84     0.737     0.785     0.785      4.41     0.602         0
    16/299     12.4G      2.52     0.887         0       3.4         4       512     0.959     0.831     0.875     0.891         3      0.56         0
    17/299     12.4G      2.43     0.843         0      3.27         1       512     0.888     0.835     0.867     0.861      2.95     0.592         0
    18/299     12.4G      2.26     0.827         0      3.08         2       512     0.962     0.894     0.917     0.927      2.89     0.477         0
    19/299     12.4G       2.5     0.776         0      3.28         1       512     0.979     0.842     0.902     0.905      3.06     0.494         0
    20/299     12.4G       2.1     0.776         0      2.88         2       512     0.947      0.86     0.894     0.901      3.53     0.475         0
    21/299     12.4G      2.37     0.787         0      3.16         2       512     0.935     0.842     0.905     0.886      2.99     0.486         0
    22/299     12.4G      2.17     0.784         0      2.95         2       512     0.916     0.877     0.912     0.896         3     0.476         0
    23/299     12.4G      2.24       0.8         0      3.04         2       512     0.905     0.837     0.902      0.87      2.89     0.495         0
    24/299     12.4G      2.08     0.786         0      2.87         1       512     0.962     0.883     0.902     0.921      2.85     0.481         0
    25/299     12.4G       2.3     0.755         0      3.06         4       512     0.905     0.877     0.899     0.891         3     0.462         0
    26/299     12.4G       2.2     0.727         0      2.93         2       512     0.901     0.895     0.914     0.898      2.86     0.451         0
    27/299     12.4G      2.13     0.708         0      2.83         1       512       0.9     0.787     0.847     0.839      2.84     0.544         0
    28/299     12.4G      2.03     0.729         0      2.75         2       512      0.98     0.877     0.916     0.926      2.68     0.474         0
    29/299     12.4G      2.23     0.715         0      2.94         2       512     0.944     0.912      0.91     0.928      2.75     0.478         0
    30/299     12.4G         2     0.756         0      2.75         4       512     0.968     0.842     0.889     0.901      2.83     0.513         0
    31/299     12.4G      2.17     0.738         0      2.91         3       512     0.969      0.86     0.887     0.911      3.19      0.47         0
    32/299     12.4G      2.13      0.74         0      2.87         2       512      0.96     0.849     0.872     0.901      2.89     0.491         0
    33/299     12.4G      2.09     0.731         0      2.82         1       512     0.955     0.877     0.902     0.914      2.65     0.472         0
    34/299     12.4G      2.16     0.753         0      2.91         2       512     0.981     0.899     0.914     0.938      2.61     0.512         0
    35/299     12.4G      2.04     0.707         0      2.75         2       512     0.944     0.877     0.903      0.91      2.55     0.491         0
    36/299     12.4G         2     0.726         0      2.72         1       512     0.943     0.864       0.9     0.902      2.64     0.539         0
    37/299     12.4G         2     0.674         0      2.68         2       512     0.899     0.912     0.915     0.906      2.54     0.464         0
    38/299     12.4G      2.02     0.666         0      2.69         2       512     0.962      0.89     0.893     0.925      2.53     0.474         0
    39/299     12.4G      1.83     0.671         0       2.5         1       512     0.961      0.86     0.898     0.908      2.42     0.511         0
    40/299     12.4G      2.01     0.651         0      2.67         1       512      0.95      0.93     0.903      0.94      2.58     0.428         0
    41/299     12.4G      1.94     0.652         0      2.59         2       512      0.98      0.85     0.913      0.91      3.09     0.457         0
    42/299     12.4G      1.98     0.667         0      2.65         3       512     0.979     0.895      0.91     0.935      2.52     0.465         0
    43/299     12.4G      2.11      0.69         0       2.8         4       512     0.954     0.877     0.871     0.914      2.46     0.536         0
    44/299     12.4G      1.86     0.677         0      2.54         2       512     0.903     0.895     0.882     0.899      2.53     0.518         0
    45/299     12.4G      1.91     0.662         0      2.58         4       512     0.916     0.877     0.902     0.896      2.61     0.499         0
    46/299     12.4G       1.9     0.676         0      2.57         3       512     0.878     0.877     0.905     0.878      2.72     0.503         0
    47/299     12.4G      1.91      0.66         0      2.57         2       512     0.894     0.912     0.915     0.903      2.65     0.463         0
    48/299     12.4G      1.86     0.654         0      2.51         1       512     0.946      0.86       0.9     0.901      2.59     0.481         0
    49/299     12.4G      1.97     0.654         0      2.62         2       512      0.94     0.877     0.892     0.908       2.6     0.449         0
    50/299     12.4G      1.85     0.712         0      2.56         4       512     0.935     0.895     0.894     0.915      2.71     0.479         0
    51/299     12.4G      2.08     0.699         0      2.78         1       512     0.947     0.895     0.907      0.92      2.58     0.463         0
    52/299     12.4G      1.98     0.673         0      2.65         2       512     0.957     0.877     0.912     0.915      2.51     0.498         0
    53/299     12.4G       1.9     0.694         0       2.6         2       512     0.906     0.844     0.893     0.874      2.69     0.492         0
    54/299     12.4G      1.87     0.661         0      2.53         2       512      0.97      0.86     0.914     0.912      2.72     0.494         0
    55/299     12.4G      1.81      0.63         0      2.44         3       512     0.898     0.877       0.9     0.887      2.59     0.471         0
    56/299     12.4G      1.61     0.682         0      2.29         2       512     0.961     0.875     0.903     0.916      2.79     0.518         0
    57/299     12.4G      1.89     0.643         0      2.54         1       512     0.916     0.895     0.908     0.905      2.61      0.51         0
    58/299     12.4G      2.02     0.617         0      2.64         2       512     0.961     0.853     0.881     0.904      2.63     0.505         0
    59/299     12.4G      1.95     0.635         0      2.58         2       512     0.997     0.825     0.886     0.902      2.74     0.568         0
    60/299     12.4G      1.97     0.625         0      2.59         3       512     0.976     0.877     0.909     0.924      2.61     0.555         0
    61/299     12.4G       1.9      0.65         0      2.55         3       512     0.918     0.877     0.895     0.897      3.28     0.534         0
    62/299     12.4G      1.95     0.612         0      2.56         2       512     0.959     0.828     0.883     0.889      2.67     0.563         0
    63/299     12.4G      1.65     0.622         0      2.27         2       512     0.978      0.86     0.889     0.915      2.74     0.586         0
    64/299     12.4G      1.75     0.615         0      2.37         2       512     0.961      0.86     0.883     0.907       2.8     0.526         0
    65/299     12.4G      1.72     0.615         0      2.33         2       512     0.995     0.825      0.88     0.902      2.79     0.562         0
    66/299     12.4G      1.57     0.571         0      2.14         1       512         1     0.799     0.909     0.889      2.69     0.582         0
    67/299     12.4G      1.63     0.617         0      2.25         4       512     0.941     0.895     0.897     0.917      2.78     0.539         0
    68/299     12.4G      1.87     0.634         0       2.5         4       512         1     0.873     0.917     0.932      2.87     0.561         0
    69/299     12.4G      1.68     0.583         0      2.26         2       512         1     0.846     0.911     0.917      2.49     0.602         0
    70/299     12.4G       1.7     0.578         0      2.28         2       512     0.994     0.877     0.921     0.932      2.75     0.514         0
    71/299     12.4G      1.66     0.591         0      2.25         1       512     0.962     0.884     0.904     0.921      2.62     0.522         0
    72/299     12.4G      1.77     0.583         0      2.35         2       512      0.98     0.865     0.909     0.919      2.61     0.512         0
    73/299     12.4G      1.77       0.6         0      2.37         3       512      0.98     0.873     0.925     0.923      2.45     0.544         0
    74/299     12.4G      1.61      0.59         0       2.2         1       512     0.962     0.894     0.924     0.927      2.52     0.513         0
    75/299     12.4G      1.68     0.587         0      2.26         2       512     0.951     0.895     0.914     0.922      2.66     0.517         0
    76/299     12.4G      1.59     0.566         0      2.16         1       512     0.945     0.909     0.915     0.927      2.67     0.492         0
    77/299     12.4G      1.56     0.551         0      2.11         2       512     0.945     0.907     0.916     0.925      2.52     0.515         0
    78/299     12.4G      1.58     0.571         0      2.15         1       512      0.98     0.876     0.905     0.925      2.56     0.498         0
    79/299     12.4G      1.73     0.538         0      2.27         3       512     0.921     0.877     0.898     0.898       2.6     0.499         0
    80/299     12.4G       1.7     0.593         0      2.29        12       512     0.924     0.877     0.891       0.9      2.59     0.514         0
    81/299     12.4G      1.66     0.539         0       2.2         2       512     0.952     0.877     0.901     0.913      2.45     0.543         0
    82/299     12.4G      1.45     0.519         0      1.97         2       512     0.932     0.895     0.915     0.913       2.6     0.473         0
    83/299     12.4G      1.71     0.543         0      2.25         3       512     0.955     0.895     0.911     0.924      2.62     0.538         0
    84/299     12.4G      1.56     0.579         0      2.13         4       512      0.95     0.895     0.912     0.921      2.74       0.5         0
    85/299     12.4G       1.7     0.599         0       2.3         2       512     0.962     0.889     0.928     0.924      2.62     0.516         0
    86/299     12.4G      1.48     0.578         0      2.06         4       512     0.943     0.864      0.91     0.902      2.67     0.488         0
    87/299     12.4G      1.38     0.549         0      1.93         3       512     0.962     0.889     0.911     0.924      2.56     0.507         0
    88/299     12.4G      1.64     0.564         0      2.21         1       512     0.961     0.862     0.912     0.909      2.54     0.564         0
    89/299     12.4G      1.48     0.571         0      2.06         2       512     0.961     0.856       0.9     0.905      2.66     0.555         0
    90/299     12.4G      1.55     0.539         0      2.09         3       512      0.98     0.871     0.913     0.922      2.62     0.528         0
    91/299     12.4G      1.52     0.537         0      2.06         2       512      0.98     0.854     0.892     0.913      2.55     0.541         0
    92/299     12.4G      1.67     0.534         0       2.2         1       512      0.96     0.895     0.913     0.926      2.73      0.53         0
    93/299     12.4G       1.6       0.5         0       2.1         2       512     0.962     0.884     0.898     0.921      2.64     0.589         0
    94/299     12.4G      1.51     0.567         0      2.08         2       512     0.942      0.86     0.886     0.899      2.59     0.576         0
    95/299     12.4G       1.5     0.538         0      2.04         2       512     0.949     0.877     0.884     0.912      2.67     0.554         0
    96/299     12.4G      1.64     0.519         0      2.16         2       512     0.944     0.883     0.894     0.912      2.41     0.556         0
    97/299     12.4G      1.49     0.517         0      2.01         2       512     0.943     0.868     0.893     0.904      2.43     0.563         0
    98/299     12.4G      1.48     0.539         0      2.01         2       512     0.946     0.877     0.899      0.91      2.47     0.535         0
    99/299     12.4G      1.54     0.535         0      2.07         3       512     0.943     0.872     0.889     0.906      2.39     0.577         0
   100/299     12.4G      1.53     0.532         0      2.06         3       512     0.947     0.877     0.902     0.911      2.68     0.527         0
   101/299     12.4G      1.45     0.542         0      1.99         1       512     0.941     0.833     0.898     0.883      2.55     0.591         0
   102/299     12.4G      1.47     0.542         0      2.02         1       512     0.942      0.86     0.909     0.899      2.66     0.517         0
   103/299     12.4G      1.48     0.503         0      1.99         2       512     0.942     0.858     0.917     0.898      2.56      0.52         0
   104/299     12.4G      1.57     0.487         0      2.06         1       512     0.929     0.807     0.909     0.864      2.37     0.559         0
   105/299     12.4G      1.51     0.507         0      2.01         2       512     0.956     0.842     0.889     0.895      2.43     0.582         0
   106/299     12.4G      1.56     0.492         0      2.05         1       512     0.942     0.852     0.906     0.895      2.48     0.623         0
   107/299     12.4G      1.41     0.537         0      1.95         3       512     0.941     0.834     0.904     0.884      2.46     0.568         0
   108/299     12.4G      1.51     0.536         0      2.05         3       512     0.938     0.895     0.908     0.916      2.49     0.542         0
   109/299     12.4G      1.39     0.524         0      1.91         3       512     0.921     0.895     0.912     0.908      2.39     0.538         0
   110/299     12.4G      1.71     0.532         0      2.25         1       512     0.955     0.747      0.83     0.838       2.8      0.63         0
   111/299     12.4G      1.44     0.528         0      1.97         2       512     0.962     0.885     0.906     0.922      2.68     0.552         0
   112/299     12.4G      1.37     0.529         0       1.9         2       512     0.934     0.877     0.911     0.905      2.58     0.475         0
   113/299     12.4G      1.58     0.538         0      2.11         1       512     0.959     0.818     0.906     0.883      3.01     0.548         0
   114/299     12.4G      1.36     0.506         0      1.86         2       512     0.961     0.858     0.904     0.906      2.61     0.569         0
   115/299     12.4G       1.4      0.54         0      1.94         1       512     0.942     0.849     0.888     0.893      2.63     0.537         0
   116/299     12.4G      1.57     0.484         0      2.05         2       512     0.851     0.825     0.868     0.838      2.73     0.535         0
   117/299     12.4G      1.55     0.508         0      2.06         2       512     0.925     0.895     0.897      0.91      2.61     0.493         0
   118/299     12.4G      1.53     0.499         0      2.03         2       512      0.91     0.842      0.87     0.875      2.69     0.537         0
   119/299     12.4G      1.46       0.5         0      1.96         3       512     0.943     0.873     0.889     0.907       2.4     0.582         0
   120/299     12.4G      1.36     0.538         0       1.9         2       512     0.934     0.877     0.891     0.905      2.32     0.521         0
   121/299     12.4G      1.46     0.534         0      1.99         4       512     0.964      0.86     0.889     0.909      2.36     0.591         0
   122/299     12.4G      1.52     0.503         0      2.02         1       512     0.991     0.842     0.911     0.911      2.41     0.541         0
   123/299     12.4G      1.49     0.541         0      2.04         3       512      0.96     0.912     0.915     0.936      2.53     0.482         0
   124/299     12.4G      1.45     0.504         0      1.95         2       512      0.98     0.875     0.894     0.925      2.56     0.532         0
   125/299     12.4G      1.53     0.501         0      2.03         2       512     0.959     0.831     0.889     0.891      2.63     0.543         0
   126/299     12.4G      1.32     0.533         0      1.85         4       512     0.979     0.825     0.893     0.895      2.56     0.544         0
   127/299     12.4G      1.44     0.498         0      1.94         3       512     0.975     0.895     0.894     0.933      2.65      0.53         0
   128/299     12.4G      1.28     0.529         0      1.81         2       512     0.957     0.877     0.901     0.915      2.52     0.492         0
   129/299     12.4G      1.41      0.48         0      1.89         3       512     0.928      0.86      0.89     0.892      2.58     0.549         0
   130/299     12.4G       1.4     0.522         0      1.93         2       512     0.961     0.867     0.873     0.912      2.58     0.591         0
   131/299     12.4G      1.35      0.46         0      1.81         2       512      0.98     0.857     0.886     0.914      2.54     0.608         0
   132/299     12.4G      1.45     0.493         0      1.94         2       512      0.96     0.842     0.882     0.897      2.66     0.629         0
   133/299     12.4G      1.55     0.506         0      2.05         2       512     0.966     0.877     0.909     0.919      2.65     0.582         0
   134/299     12.4G      1.46     0.506         0      1.97         3       512     0.944     0.881     0.909     0.911      2.46     0.506         0
   135/299     12.4G      1.39      0.48         0      1.87         4       512     0.949     0.877     0.874     0.912      2.74     0.497         0
   136/299     12.4G      1.35     0.472         0      1.82         2       512     0.954     0.877     0.885     0.914      2.49     0.497         0
   137/299     12.4G      1.39     0.506         0      1.89         3       512      0.96     0.877     0.875     0.917      2.35     0.554         0
   138/299     12.4G      1.24     0.471         0      1.71         1       512         1     0.824     0.874     0.904      2.39     0.585         0
   139/299     12.4G      1.24     0.464         0       1.7         1       512     0.939     0.804     0.879     0.866      2.31     0.637         0
   140/299     12.4G      1.36     0.475         0      1.83         4       512       0.9     0.825     0.862     0.861      2.46     0.594         0
   141/299     12.4G      1.32     0.513         0      1.83         1       512     0.965     0.877     0.923     0.919      2.41     0.574         0
   142/299     12.4G      1.36     0.464         0      1.83         2       512      0.96     0.845     0.904     0.899       2.4     0.609         0
   143/299     12.4G      1.41     0.449         0      1.85         1       512     0.957     0.842     0.878     0.896      2.44     0.633         0
   144/299     12.4G      1.41     0.454         0      1.86         2       512     0.979     0.836      0.89     0.902      2.44     0.617         0
   145/299     12.4G      1.32     0.462         0      1.79         1       512     0.959     0.811     0.888     0.879      2.43      0.64         0
   146/299     12.4G      1.31     0.421         0      1.73         1       512     0.959     0.826     0.888     0.888       2.4     0.669         0
   147/299     12.4G      1.43     0.431         0      1.86         1       512      0.95     0.807     0.878     0.873      2.42     0.663         0
   148/299     12.4G      1.34     0.449         0      1.79         3       512      0.96     0.837     0.878     0.894      2.27     0.709         0
   149/299     12.4G      1.36     0.437         0       1.8         2       512      0.96     0.839     0.887     0.895       2.3     0.637         0
   150/299     12.4G      1.27     0.463         0      1.73         2       512     0.959     0.877     0.901     0.916      2.34     0.602         0
   151/299     12.4G      1.36     0.441         0       1.8         2       512     0.957     0.895     0.905     0.925      2.49     0.535         0
   152/299     12.4G      1.25     0.419         0      1.67         2       512     0.945      0.86     0.901       0.9      2.43      0.52         0
   153/299     12.4G      1.26     0.482         0      1.75         2       512     0.945      0.86     0.888       0.9      2.48     0.557         0
   154/299     12.4G       1.2     0.435         0      1.64         1       512      0.95     0.842     0.872     0.893      2.43     0.556         0
   155/299     12.4G      1.19     0.453         0      1.65         3       512     0.956     0.825      0.88     0.885      2.55     0.639         0
   156/299     12.4G      1.31     0.426         0      1.73         2       512     0.941     0.838     0.861     0.887      2.72     0.613         0
   157/299     12.4G      1.15     0.433         0      1.58         3       512      0.96     0.838     0.895     0.895      2.53     0.605         0
   158/299     12.4G      1.37     0.528         0       1.9         3       512     0.953     0.705     0.812      0.81      2.55     0.888         0
   159/299     12.4G      1.39     0.557         0      1.94         4       512     0.942     0.895     0.896     0.918      2.45     0.554         0
   160/299     12.4G      1.38     0.567         0      1.94         1       512     0.898     0.895     0.906     0.896      2.38     0.555         0
   161/299     12.4G      1.47     0.529         0         2         1       512     0.954     0.895     0.906     0.923      2.39     0.478         0
   162/299     12.4G      1.33      0.52         0      1.85         2       512     0.943     0.895     0.904     0.918       2.4     0.471         0
   163/299     12.4G      1.43     0.489         0      1.91         4       512     0.951     0.895     0.905     0.922      2.44     0.539         0
   164/299     12.4G      1.33     0.456         0      1.79         1       512     0.939     0.877     0.891     0.907      2.47     0.566         0
   165/299     12.4G      1.21     0.451         0      1.66         3       512     0.926     0.882     0.917     0.904      2.59     0.548         0
   166/299     12.4G      1.28     0.471         0      1.76         2       512     0.925     0.866     0.887     0.894      2.41     0.583         0
   167/299     12.4G      1.35     0.446         0       1.8         1       512     0.943     0.842     0.888      0.89      2.42      0.55         0
   168/299     12.4G      1.22     0.457         0      1.67         2       512     0.949     0.842     0.881     0.892      2.51     0.567         0
   169/299     12.4G      1.13     0.457         0      1.58         1       512     0.916     0.825     0.857     0.868      2.49     0.622         0
   170/299     12.4G      1.23     0.414         0      1.64         2       512      0.92     0.842      0.86     0.879      2.52     0.621         0
   171/299     12.4G      1.09     0.428         0      1.52         2       512     0.942     0.858     0.889     0.898       2.5     0.631         0
   172/299     12.4G      1.18     0.473         0      1.65         1       512     0.942     0.856     0.884     0.897      2.52     0.589         0
   173/299     12.4G      1.21     0.457         0      1.67         2       512     0.912     0.825     0.879     0.866      2.54     0.554         0
   174/299     12.4G      1.34     0.458         0       1.8         2       512     0.948     0.842     0.854     0.892      2.69     0.562         0
   175/299     12.4G      1.26     0.444         0      1.71         2       512     0.946     0.825     0.872     0.881      2.54     0.564         0
   176/299     12.4G      1.42     0.434         0      1.85         2       512     0.943     0.867     0.891     0.904      2.56     0.521         0
   177/299     12.4G      1.19     0.435         0      1.63         2       512     0.942     0.853     0.891     0.895      2.49     0.558         0
   178/299     12.4G      1.12     0.442         0      1.56         1       512     0.925     0.864     0.903     0.894      2.54     0.581         0
   179/299     12.4G      1.21     0.437         0      1.65         1       512     0.959     0.877     0.906     0.916      2.36     0.537         0
   180/299     12.4G      1.14      0.42         0      1.56         2       512     0.943      0.86     0.903     0.899      2.39     0.533         0
   181/299     12.4G       1.2     0.429         0      1.63         1       512     0.942     0.852     0.895     0.895      2.53      0.59         0
   182/299     12.4G      1.08     0.421         0       1.5         2       512     0.941     0.825     0.886     0.879      2.47     0.658         0
   183/299     12.4G      1.17     0.419         0      1.59         1       512     0.923     0.825     0.896     0.871      2.43     0.627         0
   184/299     12.4G      1.11     0.412         0      1.52         1       512     0.941     0.842      0.89     0.889      2.49     0.646         0
   185/299     12.4G      1.18     0.412         0      1.59         2       512     0.938     0.794     0.877      0.86       2.5     0.675         0
   186/299     12.4G      1.21     0.407         0      1.62         3       512     0.938     0.802     0.886     0.865      2.36      0.66         0
   187/299     12.4G      1.13     0.396         0      1.52         2       512     0.958     0.807     0.863     0.876      2.55     0.674         0
   188/299     12.4G      1.16     0.433         0       1.6         3       512     0.972     0.842     0.872     0.902      2.52     0.634         0
   189/299     12.4G      1.17     0.431         0       1.6         2       512     0.942     0.852     0.868     0.894      2.57     0.608         0
   190/299     12.4G      1.12     0.423         0      1.54         2       512     0.942     0.842     0.875     0.889      2.46     0.628         0
   191/299     12.4G      1.12      0.39         0      1.51         1       512      0.94     0.827     0.872      0.88      2.58     0.643         0
   192/299     12.4G      1.06     0.405         0      1.46         3       512     0.924     0.854     0.886     0.888      2.56     0.632         0
   193/299     12.4G      1.16     0.402         0      1.56         2       512     0.923     0.847      0.88     0.884      2.55     0.606         0
   194/299     12.4G       1.2     0.418         0      1.62         1       512     0.942     0.857     0.899     0.898      2.53     0.623         0
   195/299     12.4G      1.28     0.383         0      1.67         4       512     0.942     0.858     0.899     0.898      2.68     0.602         0
   196/299     12.4G      1.12     0.411         0      1.53         4       512      0.94     0.832     0.877     0.883       2.6     0.644         0
   197/299     12.4G      1.23     0.416         0      1.64         2       512      0.96     0.839     0.906     0.895      2.51     0.627         0
   198/299     12.4G      1.14     0.397         0      1.53         1       512     0.961     0.856     0.917     0.905      2.44     0.629         0
   199/299     12.4G       1.1     0.394         0      1.49         1       512     0.949     0.825     0.879     0.883       2.6     0.657         0
   200/299     12.4G     0.992     0.364         0      1.36         2       512     0.945     0.825     0.877     0.881      2.51     0.665         0
   201/299     12.4G      1.26      0.37         0      1.63         2       512      0.94     0.789     0.864     0.858      2.56     0.679         0
   202/299     12.4G      1.13     0.378         0      1.51         3       512     0.938     0.792     0.881     0.858      2.55     0.688         0
   203/299     12.4G      1.06      0.38         0      1.44         4       512     0.959      0.82      0.89     0.884      2.61     0.633         0
   204/299     12.4G      1.12     0.372         0      1.49         1       512      0.96     0.836     0.894     0.894      2.54     0.653         0
   205/299     12.4G      1.08     0.414         0      1.49         3       512      0.96     0.853     0.903     0.903       2.5     0.641         0
   206/299     12.4G      1.01     0.373         0      1.38         1       512     0.959     0.824     0.886     0.887      2.48     0.654         0
   207/299     12.4G       1.1     0.371         0      1.47         3       512     0.905     0.832     0.888     0.867      2.48     0.642         0
   208/299     12.4G       1.1     0.367         0      1.47         2       512     0.933     0.825     0.879     0.875      2.56     0.631         0
   209/299     12.4G      1.06     0.403         0      1.46         3       512      0.94     0.807     0.895     0.869      2.57     0.629         0
   210/299     12.4G      1.05     0.357         0      1.41         3       512      0.94     0.829     0.907     0.881      2.59     0.626         0
   211/299     12.4G     0.937     0.376         0      1.31         2       512     0.947     0.842     0.912     0.891      2.55     0.659         0
   212/299     12.4G      1.07     0.378         0      1.45         2       512      0.94     0.825     0.878     0.879      2.65     0.679         0
   213/299     12.4G      1.12     0.377         0       1.5         3       512     0.956     0.825     0.863     0.885      2.61     0.743         0
   214/299     12.4G      1.24     0.386         0      1.63         2       512     0.955     0.825      0.86     0.885      2.66     0.728         0
   215/299     12.4G       1.1     0.365         0      1.47         3       512      0.94     0.828     0.884      0.88      2.56     0.667         0
   216/299     12.4G      1.05     0.388         0      1.44         2       512     0.959      0.82     0.885     0.884      2.53     0.691         0
   217/299     12.4G     0.996     0.356         0      1.35         1       512     0.959     0.824     0.885     0.887       2.5     0.685         0
   218/299     12.4G      1.03     0.385         0      1.41         1       512     0.947     0.825      0.87     0.882       2.6     0.702         0
   219/299     12.4G      1.09     0.399         0      1.49         3       512     0.958     0.802     0.869     0.873      2.71     0.689         0
   220/299     12.4G      1.01     0.356         0      1.37         3       512     0.957     0.783     0.866     0.861      2.66     0.694         0
   221/299     12.4G      1.02     0.375         0      1.39         1       512     0.957     0.783     0.867     0.861      2.72     0.709         0
   222/299     12.4G      1.09     0.375         0      1.47         3       512     0.957     0.786     0.862     0.863      2.66     0.729         0
   223/299     12.4G      1.09     0.359         0      1.45         1       512     0.954     0.789     0.861     0.864      2.75     0.712         0
   224/299     12.4G       1.1     0.385         0      1.48         5       512     0.937     0.789     0.864     0.857      2.57     0.715         0
   225/299     12.4G      1.12     0.385         0       1.5         2       512     0.958     0.791     0.867     0.866      2.63     0.722         0
   226/299     12.4G     0.883     0.375         0      1.26         2       512      0.96     0.831     0.864     0.891      2.64     0.669         0
   227/299     12.4G      1.06     0.389         0      1.45         2       512      0.96     0.837     0.896     0.894      2.55     0.651         0
   228/299     12.4G     0.902     0.371         0      1.27         1       512      0.96     0.853     0.904     0.903       2.5     0.664         0
   229/299     12.4G      1.04     0.402         0      1.44         2       512      0.96     0.835       0.9     0.893      2.57     0.674         0
   230/299     12.4G      1.03     0.362         0      1.39         1       512      0.96     0.839     0.888     0.896      2.58     0.687         0
   231/299     12.4G     0.899     0.355         0      1.25         3       512      0.96     0.833      0.88     0.892      2.58     0.743         0
   232/299     12.4G     0.965      0.36         0      1.33         3       512      0.96     0.837      0.88     0.894      2.56     0.752         0
   233/299     12.4G     0.964     0.345         0      1.31         3       512     0.959     0.819     0.883     0.883      2.59     0.755         0
   234/299     12.4G     0.986     0.346         0      1.33         2       512      0.95     0.825     0.878     0.883      2.58     0.717         0
   235/299     12.4G     0.892     0.335         0      1.23         1       512      0.96     0.837     0.874     0.894       2.5     0.689         0
   236/299     12.4G      1.04     0.367         0      1.41         3       512     0.959     0.821     0.861     0.885      2.45     0.702         0
   237/299     12.4G      0.95      0.33         0      1.28         2       512      0.96     0.833     0.875     0.892      2.53      0.69         0
   238/299     12.4G     0.982     0.334         0      1.32         2       512     0.959     0.831     0.866      0.89      2.49     0.697         0
   239/299     12.4G     0.948     0.361         0      1.31         2       512      0.96     0.843     0.868     0.898      2.61     0.683         0
   240/299     12.4G     0.909     0.342         0      1.25         1       512      0.96     0.839      0.87     0.896      2.54     0.681         0
   241/299     12.4G     0.896     0.339         0      1.23         2       512     0.959      0.82      0.87     0.884      2.58     0.705         0
   242/299     12.4G     0.856     0.336         0      1.19         4       512     0.953     0.842      0.87     0.894      2.59     0.667         0
   243/299     12.4G      1.02     0.345         0      1.37         2       512     0.959     0.821     0.867     0.885      2.53      0.67         0
   244/299     12.4G     0.884     0.339         0      1.22         1       512     0.959     0.822      0.88     0.885      2.45     0.654         0
   245/299     12.4G     0.937     0.327         0      1.26         2       512     0.959     0.823     0.877     0.886      2.49      0.67         0
   246/299     12.4G     0.947      0.32         0      1.27         1       512     0.939      0.81      0.85      0.87      2.47     0.741         0
   247/299     12.4G     0.923     0.361         0      1.28         3       512     0.938      0.79      0.86     0.858      2.45     0.748         0
   248/299     12.4G     0.945     0.341         0      1.29         1       512     0.957     0.787      0.85     0.864      2.48      0.74         0
   249/299     12.4G      0.92     0.346         0      1.27         2       512     0.957     0.825     0.852     0.886      2.52     0.713         0
   250/299     12.4G     0.866     0.338         0       1.2         2       512     0.957     0.782      0.86      0.86      2.52     0.741         0
   251/299     12.4G     0.764     0.335         0       1.1         2       512     0.957     0.781     0.839      0.86      2.55     0.736         0
   252/299     12.4G     0.747     0.333         0      1.08         4       512     0.953     0.807     0.852     0.874      2.59     0.706         0
   253/299     12.4G     0.885     0.331         0      1.22         2       512      0.95     0.825     0.877     0.883      2.56     0.698         0
   254/299     12.4G     0.934     0.339         0      1.27         2       512     0.943     0.825     0.881      0.88      2.54     0.675         0
   255/299     12.4G      0.78     0.305         0      1.08         1       512      0.96      0.84     0.883     0.896      2.54     0.658         0
   256/299     12.4G     0.851     0.305         0      1.16         1       512      0.96     0.849     0.884     0.901      2.51     0.639         0
   257/299     12.4G         1     0.307         0      1.31         4       512      0.95     0.842     0.885     0.893       2.5     0.653         0
   258/299     12.4G     0.903     0.356         0      1.26         2       512     0.957     0.842      0.88     0.896      2.52     0.696         0
   259/299     12.4G     0.922     0.329         0      1.25         2       512      0.95     0.842      0.88     0.893      2.52     0.689         0
   260/299     12.4G     0.886     0.335         0      1.22         1       512     0.939     0.842     0.882     0.888      2.43     0.662         0
   261/299     12.4G     0.885     0.331         0      1.22         3       512     0.941     0.842     0.882     0.889      2.45     0.654         0
   262/299     12.4G     0.894     0.344         0      1.24         2       512     0.961     0.842     0.883     0.897      2.43     0.658         0
   263/299     12.4G     0.915      0.32         0      1.24         1       512     0.964     0.842     0.896     0.899      2.41     0.677         0
   264/299     12.4G     0.862     0.379         0      1.24         4       512     0.962     0.842     0.896     0.898      2.45     0.681         0
   265/299     12.4G     0.877     0.322         0       1.2         2       512     0.947     0.842     0.896     0.892      2.51      0.69         0
   266/299     12.4G     0.872     0.337         0      1.21         3       512     0.948     0.842     0.895     0.892      2.46     0.695         0
   267/299     12.4G     0.774     0.321         0       1.1         4       512     0.957     0.825      0.88     0.886      2.52     0.702         0
   268/299     12.4G     0.946     0.315         0      1.26         3       512     0.952     0.825     0.879     0.884      2.52     0.701         0
   269/299     12.4G     0.825     0.313         0      1.14         2       512      0.96     0.837     0.866     0.894       2.5     0.689         0
   270/299     12.4G     0.949     0.309         0      1.26         2       512     0.945     0.842     0.865      0.89      2.48      0.69         0
   271/299     12.4G     0.924     0.327         0      1.25         2       512     0.934     0.842     0.865     0.886       2.5     0.699         0
   272/299     12.4G     0.876     0.329         0      1.21         1       512     0.933     0.842     0.876     0.885      2.56     0.705         0
   273/299     12.4G     0.805     0.295         0       1.1         2       512     0.933     0.842     0.876     0.885      2.56     0.706         0
   274/299     12.4G     0.814     0.305         0      1.12         1       512     0.933     0.842     0.867     0.885      2.53     0.712         0
   275/299     12.4G     0.908     0.308         0      1.22         2       512     0.932     0.842     0.867     0.885      2.51     0.715         0
   276/299     12.4G     0.797     0.305         0       1.1         2       512     0.939     0.842     0.867     0.888      2.45     0.716         0
   277/299     12.4G     0.807     0.305         0      1.11         2       512     0.941     0.842     0.882     0.889      2.45     0.705         0
   278/299     12.4G     0.831     0.327         0      1.16         2       512     0.936     0.842     0.883     0.887      2.44     0.706         0
   279/299     12.4G     0.753      0.31         0      1.06         2       512     0.934     0.842     0.882     0.885      2.44     0.706         0
   280/299     12.4G     0.707     0.302         0      1.01         2       512      0.94     0.842     0.868     0.888      2.43     0.709         0
   281/299     12.4G     0.775     0.313         0      1.09         2       512     0.941     0.833     0.868     0.883      2.37     0.699         0
   282/299     12.4G     0.786     0.319         0       1.1         1       512     0.964     0.825      0.87     0.889      2.45     0.707         0
   283/299     12.4G     0.824     0.324         0      1.15         4       512     0.955     0.807     0.869     0.875      2.44     0.711         0
   284/299     12.4G     0.831     0.282         0      1.11         1       512     0.944     0.825      0.87      0.88      2.44     0.718         0
   285/299     12.4G     0.796       0.3         0       1.1         1       512     0.939     0.812     0.868     0.871      2.43     0.736         0
   286/299     12.4G     0.776     0.324         0       1.1         1       512     0.939     0.812     0.868     0.871      2.42     0.739         0
   287/299     12.4G     0.794     0.297         0      1.09         2       512     0.939     0.809     0.867     0.869      2.43     0.744         0
   288/299     12.4G     0.746     0.308         0      1.05         1       512     0.959     0.807     0.866     0.876      2.43     0.747         0
   289/299     12.4G      0.82     0.287         0      1.11         2       512     0.962     0.807     0.866     0.878      2.46     0.729         0
   290/299     12.4G     0.802     0.325         0      1.13         3       512      0.96     0.807     0.866     0.877      2.46     0.731         0
   291/299     12.4G     0.859     0.338         0       1.2         3       512      0.96     0.807     0.866     0.877      2.46     0.734         0
   292/299     12.4G     0.813      0.29         0       1.1         2       512      0.97     0.807     0.865     0.881      2.46     0.738         0
   293/299     12.4G     0.764      0.34         0       1.1         2       512     0.955     0.807     0.866     0.875       2.5     0.728         0
   294/299     12.4G     0.841      0.32         0      1.16         2       512     0.939     0.812     0.868     0.871      2.48     0.727         0
   295/299     12.4G     0.827     0.329         0      1.16         2       512     0.939     0.808     0.869     0.869      2.49      0.71         0
   296/299     12.4G     0.801     0.298         0       1.1         2       512     0.939     0.804     0.869     0.866      2.48     0.716         0
   297/299     12.4G     0.721     0.318         0      1.04         3       512     0.939     0.811     0.869      0.87      2.44     0.723         0
   298/299     12.4G     0.826     0.319         0      1.14         1       512     0.939     0.805     0.868     0.867      2.49     0.735         0
   299/299     12.4G     0.883     0.312         0      1.19         1       512     0.939     0.804     0.868     0.866      2.49     0.734         0
