0 0.56640625 0.5482233502538071 0.1484375 0.14213197969543145
0 0.697265625 0.34517766497461927 0.09765625 0.11167512690355329
0 0.955078125 0.16243654822335024 0.08203125 0.10152284263959391
0 0.76171875 0.11421319796954314 0.0703125 0.07614213197969542
0 0.462890625 0.11421319796954314 0.08984375 0.09644670050761421
0 0.208984375 0.2309644670050761 0.01953125 0.06598984771573603
0 0.314453125 0.3426395939086294 0.05078125 0.04568527918781726
0 0.322265625 0.5380710659898477 0.05078125 0.07106598984771573
0 0.158203125 0.4746192893401015 0.08203125 0.10659898477157359
0 0.048828125 0.6269035532994923 0.08984375 0.08629441624365482
0 0.951171875 0.5736040609137055 0.08984375 0.11167512690355329
